&NAMICERUN
 CN_ICERST_IN="restart_ice_in                  ",
 CN_ICERST_INDIR=".                                                                                                                                                                                                                                                               ",
 CN_ICERST_OUT="restart_ice                     ",
 CN_ICERST_OUTDIR=".                                                                                                                                                                                                                                                               ",
 LN_LIMDYN=T,
 LN_LIMDMP=F,
 ACRIT= 2*9.9999999999999995E-007  ,
 HSNDIF=  0.0000000000000000     ,
 HICDIF=  0.0000000000000000     ,
 /
&NAMICEDYN
 EPSD=  9.9999999999999995E-021,
 ALPHA= 0.50000000000000000     ,
 DM=  600.00000000000000     ,
 NBITER=1          ,
 NBITDR=100        ,
 OM= 0.50000000000000000     ,
 RESL=  5.0000000000000002E-005,
 CW=  5.0000000000000001E-003,
 ANGVG=  0.0000000000000000     ,
 PSTAR=  10000.000000000000     ,
 C_RHG=  20.000000000000000     ,
 ETAMN=  0.0000000000000000     ,
 RN_CREEPL=  1.0000000000000000E-008,
 RN_ECC=  2.0000000000000000     ,
 AHI0=  350.00000000000000     ,
 NN_NEVP=120        ,
 TELAST=9600       ,
 ALPHAEVP=  1.0000000000000000     ,
 /
&NAMICETRP
 BOUND=  0.0000000000000000     ,
 /
&NAMICETHD
 HMELT=-0.14999999999999999     ,
 HICCRIT= 2*0.29999999999999999      ,
 HICMIN= 0.20000000000000001     ,
 HICLIM=  5.0000000000000003E-002,
 AMAX= 0.99900000000000000     ,
 SWIQST=  1.0000000000000000     ,
 SBETA=  1.0000000000000000     ,
 PARLAT=  0.0000000000000000     ,
 HAKSPL= 0.50000000000000000     ,
 HIBSPL= 0.50000000000000000     ,
 EXLD=  2.0000000000000000     ,
 HAKDIF=  1.0000000000000000     ,
 HNZST= 0.10000000000000001     ,
 THTH= 0.20000000000000001     ,
 PARSUB=  1.0000000000000000     ,
 ALPHS=  1.0000000000000000     ,
 /
